0000001
0399001
1002143
1600525
1002052
1601330
0300747
0300454
1603605
1603127
0300672
0300677
1603259
0300745
0300688
1603666
1603650
1603486
1603506
1603707
0002925
0002912
1603722
1603659
0300624
0300713
0001965
0300725
1603260
0300682
1603533
1603214
1603367
1603277
0300750
1603933
0300746
1603721
1601828
0002908
1603387
0300676
1603922
1603773
0002898
1603348
1603157
0300742
1603289
1603083
1603897
1600929
1603607
1603848
0300685
1603516
0002887
1603676
0300723
0300743
1603711
0002906
1603595
0300699
0300702
1603895
0300686
0002903
1603978
0002916
0300720
1603912
0300726
1603587
0300711
0300634
1603356
0300692
0002915
1603156
0002921
0300701
1603283
0300733
0002879
0002927
1603557
0300722
0300705
0002923
0002889
0300671
1603917
0300687
0300695
1603329
0300739
0300698
1603648
1603776
1603301
0002918
1603106
0300696
0300719
0300504
0300738
1603757
1603059
0002899
0002922
1603725
1603976
0300717
0002907
1603466
1603655
1603181
1603937
1603527
1601086
0002901
1603916
0300708
1603357
0002928
1603359
0002920
1600933
1603055
0300664
1603305
0300737
0300693
1603063
1603278
0002888
1603963
1603970
1603809
1603056
0002890
0300736
1603161
0300735
0300690
1601138
0300709
0300675
1601619
0002900
1601949
0002895
1603612
0002929
1603730
0300741
1600901
0300727
1600903
0002913
0002893
0002882
1603876
0300679
1603110
1603378
0300716
1603331
1603080
1603103
1603076
1603365
0300697
1603890
1603871
0300712
1603458
0300691
1603661
1603680
0300721
1603856
0300718
0300729
1603045
0002911
1603183
0300710
1601019
1601326
1603129
1603860
1603396
1603882
0300707
1603596
1603233
0002891
0300730
1600025
1603683
1603685
1603712
0300706
0002864
0300673
0002884
1603733
1603321
0002926
1603801
1603500
1603813
0002892
0002905
0002897
1603619
1601108
1603829
1603617
1601838
1603507
1603136
1603535
0300715
0300703
0300684
1603709
1603013
1603079
0002910
1603363
0300731
0300654
0300681
0002931
0300689
0002919
1603880
1603825
1603602
1603386
0300740
0300683
0300680
0300670
1603499
0002930
0002896
0002902
0002909
0300644
0300678
1601066
1601990
0300700
0002917
1603477
0300732